[24916465, 850642429, 596887668, 859849376, 415134375, 626895169, 455562572, 254786267, 158220284, 316476165]
[873931177, 203793736, 461173897, 1028582272, 374020979, 762549078, 330193472, 625482107, 910379687, 274425090]
[85866878, 22413058, 451916787, 271611839, 535845229, 550336984, 599411936, 1044149839, 16370563, 849076750]
[505400584, 831500210, 600560651, 75160436, 679766867, 826030681, 370409830, 756919756, 729509041, 1053696568]
[833424613, 1057066962, 729101389, 825322788, 636981839, 921254576, 651531418, 965144722, 668844132, 815624467]
[1029733840, 804022658, 792109280, 608522017, 466443988, 620027143, 164307046, 1064907491, 915705753, 562180272]
[789504994, 109897435, 47930400, 706243507, 677891127, 749378194, 989659461, 736791252, 959925175, 955100712]
[544002813, 875102178, 609145196, 645698168, 638819350, 246815856, 34636591, 644574519, 589893055, 730352792]
[859803269, 557719391, 95422534, 112044118, 978788274, 502710145, 28859847, 844554157, 281611724, 264801671]
[1030656679, 780816138, 106717923, 162726067, 750590933, 852668673, 136935108, 572009907, 793440544, 849530918]
